Solution 1
	M0: [0, 1, 2]  W0: [2, 0, 1]
	M1: [0, 1, 2]  W1: [0, 1, 2]
	M2: [1, 0, 2]  W2: [0, 1, 2]
Solution 2
	M0: [0, 1, 2]  W0: [2, 0, 1]
	M1: [0, 1, 2]  W1: [0, 1, 2]
	M2: [1, 0, 2]  W2: [0, 2, 1]
Solution 3
	M0: [0, 1, 2]  W0: [2, 0, 1]
	M1: [0, 1, 2]  W1: [0, 1, 2]
	M2: [1, 0, 2]  W2: [1, 0, 2]
Solution 4
	M0: [0, 1, 2]  W0: [2, 0, 1]
	M1: [0, 1, 2]  W1: [0, 1, 2]
	M2: [1, 0, 2]  W2: [1, 2, 0]
Solution 5
	M0: [0, 1, 2]  W0: [2, 0, 1]
	M1: [0, 1, 2]  W1: [0, 1, 2]
	M2: [1, 0, 2]  W2: [2, 0, 1]
Solution 6
	M0: [0, 1, 2]  W0: [2, 0, 1]
	M1: [0, 1, 2]  W1: [0, 1, 2]
	M2: [1, 0, 2]  W2: [2, 1, 0]
Solution 7
	M0: [0, 1, 2]  W0: [1, 2, 0]
	M1: [1, 0, 2]  W1: [0, 1, 2]
	M2: [0, 1, 2]  W2: [0, 1, 2]
Solution 8
	M0: [0, 1, 2]  W0: [1, 2, 0]
	M1: [1, 0, 2]  W1: [0, 1, 2]
	M2: [0, 1, 2]  W2: [0, 2, 1]
Solution 9
	M0: [0, 1, 2]  W0: [1, 2, 0]
	M1: [1, 0, 2]  W1: [0, 1, 2]
	M2: [0, 1, 2]  W2: [1, 0, 2]
Solution 10
	M0: [0, 1, 2]  W0: [1, 2, 0]
	M1: [1, 0, 2]  W1: [0, 1, 2]
	M2: [0, 1, 2]  W2: [1, 2, 0]
Solution 11
	M0: [0, 1, 2]  W0: [1, 2, 0]
	M1: [1, 0, 2]  W1: [0, 1, 2]
	M2: [0, 1, 2]  W2: [2, 0, 1]
Solution 12
	M0: [0, 1, 2]  W0: [1, 2, 0]
	M1: [1, 0, 2]  W1: [0, 1, 2]
	M2: [0, 1, 2]  W2: [2, 1, 0]
Solution 13
	M0: [0, 1, 2]  W0: [1, 2, 0]
	M1: [1, 0, 2]  W1: [0, 2, 1]
	M2: [0, 1, 2]  W2: [0, 1, 2]
Solution 14
	M0: [0, 1, 2]  W0: [1, 2, 0]
	M1: [1, 0, 2]  W1: [0, 2, 1]
	M2: [0, 1, 2]  W2: [0, 2, 1]
Solution 15
	M0: [0, 1, 2]  W0: [1, 2, 0]
	M1: [1, 0, 2]  W1: [0, 2, 1]
	M2: [0, 1, 2]  W2: [1, 0, 2]
Solution 16
	M0: [0, 1, 2]  W0: [1, 2, 0]
	M1: [1, 0, 2]  W1: [0, 2, 1]
	M2: [0, 1, 2]  W2: [1, 2, 0]
Solution 17
	M0: [0, 1, 2]  W0: [1, 2, 0]
	M1: [1, 0, 2]  W1: [0, 2, 1]
	M2: [0, 1, 2]  W2: [2, 0, 1]
Solution 18
	M0: [0, 1, 2]  W0: [1, 2, 0]
	M1: [1, 0, 2]  W1: [0, 2, 1]
	M2: [0, 1, 2]  W2: [2, 1, 0]
Solution 19
	M0: [0, 1, 2]  W0: [1, 2, 0]
	M1: [1, 0, 2]  W1: [2, 0, 1]
	M2: [0, 1, 2]  W2: [0, 1, 2]
Solution 20
	M0: [0, 1, 2]  W0: [1, 2, 0]
	M1: [1, 0, 2]  W1: [2, 0, 1]
	M2: [0, 1, 2]  W2: [0, 2, 1]
Solution 21
	M0: [0, 1, 2]  W0: [1, 2, 0]
	M1: [1, 0, 2]  W1: [2, 0, 1]
	M2: [0, 1, 2]  W2: [1, 0, 2]
Solution 22
	M0: [0, 1, 2]  W0: [1, 2, 0]
	M1: [1, 0, 2]  W1: [2, 0, 1]
	M2: [0, 1, 2]  W2: [1, 2, 0]
Solution 23
	M0: [0, 1, 2]  W0: [1, 2, 0]
	M1: [1, 0, 2]  W1: [2, 0, 1]
	M2: [0, 1, 2]  W2: [2, 0, 1]
Solution 24
	M0: [0, 1, 2]  W0: [1, 2, 0]
	M1: [1, 0, 2]  W1: [2, 0, 1]
	M2: [0, 1, 2]  W2: [2, 1, 0]
Solution 25
	M0: [0, 1, 2]  W0: [1, 2, 0]
	M1: [1, 0, 2]  W1: [0, 1, 2]
	M2: [1, 0, 2]  W2: [0, 1, 2]
Solution 26
	M0: [0, 1, 2]  W0: [1, 2, 0]
	M1: [1, 0, 2]  W1: [0, 1, 2]
	M2: [1, 0, 2]  W2: [0, 2, 1]
Solution 27
	M0: [0, 1, 2]  W0: [1, 2, 0]
	M1: [1, 0, 2]  W1: [0, 1, 2]
	M2: [1, 0, 2]  W2: [1, 0, 2]
Solution 28
	M0: [0, 1, 2]  W0: [1, 2, 0]
	M1: [1, 0, 2]  W1: [0, 1, 2]
	M2: [1, 0, 2]  W2: [1, 2, 0]
Solution 29
	M0: [0, 1, 2]  W0: [1, 2, 0]
	M1: [1, 0, 2]  W1: [0, 1, 2]
	M2: [1, 0, 2]  W2: [2, 0, 1]
Solution 30
	M0: [0, 1, 2]  W0: [1, 2, 0]
	M1: [1, 0, 2]  W1: [0, 1, 2]
	M2: [1, 0, 2]  W2: [2, 1, 0]
Solution 31
	M0: [0, 2, 1]  W0: [2, 0, 1]
	M1: [0, 2, 1]  W1: [0, 1, 2]
	M2: [2, 0, 1]  W2: [0, 1, 2]
Solution 32
	M0: [0, 2, 1]  W0: [2, 0, 1]
	M1: [0, 2, 1]  W1: [0, 2, 1]
	M2: [2, 0, 1]  W2: [0, 1, 2]
Solution 33
	M0: [0, 2, 1]  W0: [2, 0, 1]
	M1: [0, 2, 1]  W1: [1, 0, 2]
	M2: [2, 0, 1]  W2: [0, 1, 2]
Solution 34
	M0: [0, 2, 1]  W0: [2, 0, 1]
	M1: [0, 2, 1]  W1: [1, 2, 0]
	M2: [2, 0, 1]  W2: [0, 1, 2]
Solution 35
	M0: [0, 2, 1]  W0: [2, 0, 1]
	M1: [0, 2, 1]  W1: [2, 0, 1]
	M2: [2, 0, 1]  W2: [0, 1, 2]
Solution 36
	M0: [0, 2, 1]  W0: [2, 0, 1]
	M1: [0, 2, 1]  W1: [2, 1, 0]
	M2: [2, 0, 1]  W2: [0, 1, 2]
Solution 37
	M0: [0, 2, 1]  W0: [1, 2, 0]
	M1: [2, 0, 1]  W1: [0, 1, 2]
	M2: [0, 2, 1]  W2: [0, 1, 2]
Solution 38
	M0: [0, 2, 1]  W0: [1, 2, 0]
	M1: [2, 0, 1]  W1: [0, 1, 2]
	M2: [0, 2, 1]  W2: [0, 2, 1]
Solution 39
	M0: [0, 2, 1]  W0: [1, 2, 0]
	M1: [2, 0, 1]  W1: [0, 1, 2]
	M2: [0, 2, 1]  W2: [2, 0, 1]
Solution 40
	M0: [0, 2, 1]  W0: [1, 2, 0]
	M1: [2, 0, 1]  W1: [0, 2, 1]
	M2: [0, 2, 1]  W2: [0, 1, 2]
Solution 41
	M0: [0, 2, 1]  W0: [1, 2, 0]
	M1: [2, 0, 1]  W1: [0, 2, 1]
	M2: [0, 2, 1]  W2: [0, 2, 1]
Solution 42
	M0: [0, 2, 1]  W0: [1, 2, 0]
	M1: [2, 0, 1]  W1: [0, 2, 1]
	M2: [0, 2, 1]  W2: [2, 0, 1]
Solution 43
	M0: [0, 2, 1]  W0: [1, 2, 0]
	M1: [2, 0, 1]  W1: [1, 0, 2]
	M2: [0, 2, 1]  W2: [0, 1, 2]
Solution 44
	M0: [0, 2, 1]  W0: [1, 2, 0]
	M1: [2, 0, 1]  W1: [1, 0, 2]
	M2: [0, 2, 1]  W2: [0, 2, 1]
Solution 45
	M0: [0, 2, 1]  W0: [1, 2, 0]
	M1: [2, 0, 1]  W1: [1, 0, 2]
	M2: [0, 2, 1]  W2: [2, 0, 1]
Solution 46
	M0: [0, 2, 1]  W0: [1, 2, 0]
	M1: [2, 0, 1]  W1: [1, 2, 0]
	M2: [0, 2, 1]  W2: [0, 1, 2]
Solution 47
	M0: [0, 2, 1]  W0: [1, 2, 0]
	M1: [2, 0, 1]  W1: [1, 2, 0]
	M2: [0, 2, 1]  W2: [0, 2, 1]
Solution 48
	M0: [0, 2, 1]  W0: [1, 2, 0]
	M1: [2, 0, 1]  W1: [1, 2, 0]
	M2: [0, 2, 1]  W2: [2, 0, 1]
Solution 49
	M0: [0, 2, 1]  W0: [1, 2, 0]
	M1: [2, 0, 1]  W1: [2, 0, 1]
	M2: [0, 2, 1]  W2: [0, 1, 2]
Solution 50
	M0: [0, 2, 1]  W0: [1, 2, 0]
	M1: [2, 0, 1]  W1: [2, 0, 1]
	M2: [0, 2, 1]  W2: [0, 2, 1]
Solution 51
	M0: [0, 2, 1]  W0: [1, 2, 0]
	M1: [2, 0, 1]  W1: [2, 0, 1]
	M2: [0, 2, 1]  W2: [2, 0, 1]
Solution 52
	M0: [0, 2, 1]  W0: [1, 2, 0]
	M1: [2, 0, 1]  W1: [2, 1, 0]
	M2: [0, 2, 1]  W2: [0, 1, 2]
Solution 53
	M0: [0, 2, 1]  W0: [1, 2, 0]
	M1: [2, 0, 1]  W1: [2, 1, 0]
	M2: [0, 2, 1]  W2: [0, 2, 1]
Solution 54
	M0: [0, 2, 1]  W0: [1, 2, 0]
	M1: [2, 0, 1]  W1: [2, 1, 0]
	M2: [0, 2, 1]  W2: [2, 0, 1]
Solution 55
	M0: [0, 2, 1]  W0: [1, 2, 0]
	M1: [2, 0, 1]  W1: [0, 1, 2]
	M2: [2, 0, 1]  W2: [0, 1, 2]
Solution 56
	M0: [0, 2, 1]  W0: [1, 2, 0]
	M1: [2, 0, 1]  W1: [0, 2, 1]
	M2: [2, 0, 1]  W2: [0, 1, 2]
Solution 57
	M0: [0, 2, 1]  W0: [1, 2, 0]
	M1: [2, 0, 1]  W1: [1, 0, 2]
	M2: [2, 0, 1]  W2: [0, 1, 2]
Solution 58
	M0: [0, 2, 1]  W0: [1, 2, 0]
	M1: [2, 0, 1]  W1: [1, 2, 0]
	M2: [2, 0, 1]  W2: [0, 1, 2]
Solution 59
	M0: [0, 2, 1]  W0: [1, 2, 0]
	M1: [2, 0, 1]  W1: [2, 0, 1]
	M2: [2, 0, 1]  W2: [0, 1, 2]
Solution 60
	M0: [0, 2, 1]  W0: [1, 2, 0]
	M1: [2, 0, 1]  W1: [2, 1, 0]
	M2: [2, 0, 1]  W2: [0, 1, 2]
Solution 61
	M0: [1, 0, 2]  W0: [0, 1, 2]
	M1: [0, 1, 2]  W1: [1, 2, 0]
	M2: [0, 1, 2]  W2: [0, 1, 2]
Solution 62
	M0: [1, 0, 2]  W0: [0, 1, 2]
	M1: [0, 1, 2]  W1: [1, 2, 0]
	M2: [0, 1, 2]  W2: [0, 2, 1]
Solution 63
	M0: [1, 0, 2]  W0: [0, 1, 2]
	M1: [0, 1, 2]  W1: [1, 2, 0]
	M2: [0, 1, 2]  W2: [1, 0, 2]
Solution 64
	M0: [1, 0, 2]  W0: [0, 1, 2]
	M1: [0, 1, 2]  W1: [1, 2, 0]
	M2: [0, 1, 2]  W2: [1, 2, 0]
Solution 65
	M0: [1, 0, 2]  W0: [0, 1, 2]
	M1: [0, 1, 2]  W1: [1, 2, 0]
	M2: [0, 1, 2]  W2: [2, 0, 1]
Solution 66
	M0: [1, 0, 2]  W0: [0, 1, 2]
	M1: [0, 1, 2]  W1: [1, 2, 0]
	M2: [0, 1, 2]  W2: [2, 1, 0]
Solution 67
	M0: [1, 0, 2]  W0: [0, 1, 2]
	M1: [0, 1, 2]  W1: [1, 2, 0]
	M2: [1, 0, 2]  W2: [0, 1, 2]
Solution 68
	M0: [1, 0, 2]  W0: [0, 1, 2]
	M1: [0, 1, 2]  W1: [1, 2, 0]
	M2: [1, 0, 2]  W2: [0, 2, 1]
Solution 69
	M0: [1, 0, 2]  W0: [0, 1, 2]
	M1: [0, 1, 2]  W1: [1, 2, 0]
	M2: [1, 0, 2]  W2: [1, 0, 2]
Solution 70
	M0: [1, 0, 2]  W0: [0, 1, 2]
	M1: [0, 1, 2]  W1: [1, 2, 0]
	M2: [1, 0, 2]  W2: [1, 2, 0]
Solution 71
	M0: [1, 0, 2]  W0: [0, 1, 2]
	M1: [0, 1, 2]  W1: [1, 2, 0]
	M2: [1, 0, 2]  W2: [2, 0, 1]
Solution 72
	M0: [1, 0, 2]  W0: [0, 1, 2]
	M1: [0, 1, 2]  W1: [1, 2, 0]
	M2: [1, 0, 2]  W2: [2, 1, 0]
Solution 73
	M0: [1, 0, 2]  W0: [0, 2, 1]
	M1: [0, 1, 2]  W1: [1, 2, 0]
	M2: [1, 0, 2]  W2: [0, 1, 2]
Solution 74
	M0: [1, 0, 2]  W0: [0, 2, 1]
	M1: [0, 1, 2]  W1: [1, 2, 0]
	M2: [1, 0, 2]  W2: [0, 2, 1]
Solution 75
	M0: [1, 0, 2]  W0: [0, 2, 1]
	M1: [0, 1, 2]  W1: [1, 2, 0]
	M2: [1, 0, 2]  W2: [1, 0, 2]
Solution 76
	M0: [1, 0, 2]  W0: [0, 2, 1]
	M1: [0, 1, 2]  W1: [1, 2, 0]
	M2: [1, 0, 2]  W2: [1, 2, 0]
Solution 77
	M0: [1, 0, 2]  W0: [0, 2, 1]
	M1: [0, 1, 2]  W1: [1, 2, 0]
	M2: [1, 0, 2]  W2: [2, 0, 1]
Solution 78
	M0: [1, 0, 2]  W0: [0, 2, 1]
	M1: [0, 1, 2]  W1: [1, 2, 0]
	M2: [1, 0, 2]  W2: [2, 1, 0]
Solution 79
	M0: [1, 0, 2]  W0: [2, 0, 1]
	M1: [0, 1, 2]  W1: [1, 2, 0]
	M2: [1, 0, 2]  W2: [0, 1, 2]
Solution 80
	M0: [1, 0, 2]  W0: [2, 0, 1]
	M1: [0, 1, 2]  W1: [1, 2, 0]
	M2: [1, 0, 2]  W2: [0, 2, 1]
Solution 81
	M0: [1, 0, 2]  W0: [2, 0, 1]
	M1: [0, 1, 2]  W1: [1, 2, 0]
	M2: [1, 0, 2]  W2: [1, 0, 2]
Solution 82
	M0: [1, 0, 2]  W0: [2, 0, 1]
	M1: [0, 1, 2]  W1: [1, 2, 0]
	M2: [1, 0, 2]  W2: [1, 2, 0]
Solution 83
	M0: [1, 0, 2]  W0: [2, 0, 1]
	M1: [0, 1, 2]  W1: [1, 2, 0]
	M2: [1, 0, 2]  W2: [2, 0, 1]
Solution 84
	M0: [1, 0, 2]  W0: [2, 0, 1]
	M1: [0, 1, 2]  W1: [1, 2, 0]
	M2: [1, 0, 2]  W2: [2, 1, 0]
Solution 85
	M0: [1, 0, 2]  W0: [0, 1, 2]
	M1: [1, 0, 2]  W1: [2, 0, 1]
	M2: [0, 1, 2]  W2: [0, 1, 2]
Solution 86
	M0: [1, 0, 2]  W0: [0, 1, 2]
	M1: [1, 0, 2]  W1: [2, 0, 1]
	M2: [0, 1, 2]  W2: [0, 2, 1]
Solution 87
	M0: [1, 0, 2]  W0: [0, 1, 2]
	M1: [1, 0, 2]  W1: [2, 0, 1]
	M2: [0, 1, 2]  W2: [1, 0, 2]
Solution 88
	M0: [1, 0, 2]  W0: [0, 1, 2]
	M1: [1, 0, 2]  W1: [2, 0, 1]
	M2: [0, 1, 2]  W2: [1, 2, 0]
Solution 89
	M0: [1, 0, 2]  W0: [0, 1, 2]
	M1: [1, 0, 2]  W1: [2, 0, 1]
	M2: [0, 1, 2]  W2: [2, 0, 1]
Solution 90
	M0: [1, 0, 2]  W0: [0, 1, 2]
	M1: [1, 0, 2]  W1: [2, 0, 1]
	M2: [0, 1, 2]  W2: [2, 1, 0]
Solution 91
	M0: [1, 2, 0]  W0: [0, 1, 2]
	M1: [1, 2, 0]  W1: [2, 0, 1]
	M2: [2, 1, 0]  W2: [0, 1, 2]
Solution 92
	M0: [1, 2, 0]  W0: [0, 2, 1]
	M1: [1, 2, 0]  W1: [2, 0, 1]
	M2: [2, 1, 0]  W2: [0, 1, 2]
Solution 93
	M0: [1, 2, 0]  W0: [1, 0, 2]
	M1: [1, 2, 0]  W1: [2, 0, 1]
	M2: [2, 1, 0]  W2: [0, 1, 2]
Solution 94
	M0: [1, 2, 0]  W0: [1, 2, 0]
	M1: [1, 2, 0]  W1: [2, 0, 1]
	M2: [2, 1, 0]  W2: [0, 1, 2]
Solution 95
	M0: [1, 2, 0]  W0: [2, 0, 1]
	M1: [1, 2, 0]  W1: [2, 0, 1]
	M2: [2, 1, 0]  W2: [0, 1, 2]
Solution 96
	M0: [1, 2, 0]  W0: [2, 1, 0]
	M1: [1, 2, 0]  W1: [2, 0, 1]
	M2: [2, 1, 0]  W2: [0, 1, 2]
Solution 97
	M0: [1, 2, 0]  W0: [0, 1, 2]
	M1: [2, 1, 0]  W1: [1, 2, 0]
	M2: [1, 2, 0]  W2: [0, 1, 2]
Solution 98
	M0: [1, 2, 0]  W0: [0, 1, 2]
	M1: [2, 1, 0]  W1: [1, 2, 0]
	M2: [1, 2, 0]  W2: [0, 2, 1]
Solution 99
	M0: [1, 2, 0]  W0: [0, 1, 2]
	M1: [2, 1, 0]  W1: [1, 2, 0]
	M2: [1, 2, 0]  W2: [2, 0, 1]
Solution 100
	M0: [1, 2, 0]  W0: [0, 2, 1]
	M1: [2, 1, 0]  W1: [1, 2, 0]
	M2: [1, 2, 0]  W2: [0, 1, 2]
Solution 101
	M0: [1, 2, 0]  W0: [0, 2, 1]
	M1: [2, 1, 0]  W1: [1, 2, 0]
	M2: [1, 2, 0]  W2: [0, 2, 1]
Solution 102
	M0: [1, 2, 0]  W0: [0, 2, 1]
	M1: [2, 1, 0]  W1: [1, 2, 0]
	M2: [1, 2, 0]  W2: [2, 0, 1]
Solution 103
	M0: [1, 2, 0]  W0: [1, 0, 2]
	M1: [2, 1, 0]  W1: [1, 2, 0]
	M2: [1, 2, 0]  W2: [0, 1, 2]
Solution 104
	M0: [1, 2, 0]  W0: [1, 0, 2]
	M1: [2, 1, 0]  W1: [1, 2, 0]
	M2: [1, 2, 0]  W2: [0, 2, 1]
Solution 105
	M0: [1, 2, 0]  W0: [1, 0, 2]
	M1: [2, 1, 0]  W1: [1, 2, 0]
	M2: [1, 2, 0]  W2: [2, 0, 1]
Solution 106
	M0: [1, 2, 0]  W0: [1, 2, 0]
	M1: [2, 1, 0]  W1: [1, 2, 0]
	M2: [1, 2, 0]  W2: [0, 1, 2]
Solution 107
	M0: [1, 2, 0]  W0: [1, 2, 0]
	M1: [2, 1, 0]  W1: [1, 2, 0]
	M2: [1, 2, 0]  W2: [0, 2, 1]
Solution 108
	M0: [1, 2, 0]  W0: [1, 2, 0]
	M1: [2, 1, 0]  W1: [1, 2, 0]
	M2: [1, 2, 0]  W2: [2, 0, 1]
Solution 109
	M0: [1, 2, 0]  W0: [2, 0, 1]
	M1: [2, 1, 0]  W1: [1, 2, 0]
	M2: [1, 2, 0]  W2: [0, 1, 2]
Solution 110
	M0: [1, 2, 0]  W0: [2, 0, 1]
	M1: [2, 1, 0]  W1: [1, 2, 0]
	M2: [1, 2, 0]  W2: [0, 2, 1]
Solution 111
	M0: [1, 2, 0]  W0: [2, 0, 1]
	M1: [2, 1, 0]  W1: [1, 2, 0]
	M2: [1, 2, 0]  W2: [2, 0, 1]
Solution 112
	M0: [1, 2, 0]  W0: [2, 1, 0]
	M1: [2, 1, 0]  W1: [1, 2, 0]
	M2: [1, 2, 0]  W2: [0, 1, 2]
Solution 113
	M0: [1, 2, 0]  W0: [2, 1, 0]
	M1: [2, 1, 0]  W1: [1, 2, 0]
	M2: [1, 2, 0]  W2: [0, 2, 1]
Solution 114
	M0: [1, 2, 0]  W0: [2, 1, 0]
	M1: [2, 1, 0]  W1: [1, 2, 0]
	M2: [1, 2, 0]  W2: [2, 0, 1]
Solution 115
	M0: [1, 2, 0]  W0: [0, 1, 2]
	M1: [2, 1, 0]  W1: [1, 2, 0]
	M2: [2, 1, 0]  W2: [0, 1, 2]
Solution 116
	M0: [1, 2, 0]  W0: [0, 2, 1]
	M1: [2, 1, 0]  W1: [1, 2, 0]
	M2: [2, 1, 0]  W2: [0, 1, 2]
Solution 117
	M0: [1, 2, 0]  W0: [1, 0, 2]
	M1: [2, 1, 0]  W1: [1, 2, 0]
	M2: [2, 1, 0]  W2: [0, 1, 2]
Solution 118
	M0: [1, 2, 0]  W0: [1, 2, 0]
	M1: [2, 1, 0]  W1: [1, 2, 0]
	M2: [2, 1, 0]  W2: [0, 1, 2]
Solution 119
	M0: [1, 2, 0]  W0: [2, 0, 1]
	M1: [2, 1, 0]  W1: [1, 2, 0]
	M2: [2, 1, 0]  W2: [0, 1, 2]
Solution 120
	M0: [1, 2, 0]  W0: [2, 1, 0]
	M1: [2, 1, 0]  W1: [1, 2, 0]
	M2: [2, 1, 0]  W2: [0, 1, 2]
Solution 121
	M0: [2, 0, 1]  W0: [0, 1, 2]
	M1: [0, 2, 1]  W1: [0, 1, 2]
	M2: [0, 2, 1]  W2: [1, 2, 0]
Solution 122
	M0: [2, 0, 1]  W0: [0, 1, 2]
	M1: [0, 2, 1]  W1: [0, 2, 1]
	M2: [0, 2, 1]  W2: [1, 2, 0]
Solution 123
	M0: [2, 0, 1]  W0: [0, 1, 2]
	M1: [0, 2, 1]  W1: [1, 0, 2]
	M2: [0, 2, 1]  W2: [1, 2, 0]
Solution 124
	M0: [2, 0, 1]  W0: [0, 1, 2]
	M1: [0, 2, 1]  W1: [1, 2, 0]
	M2: [0, 2, 1]  W2: [1, 2, 0]
Solution 125
	M0: [2, 0, 1]  W0: [0, 1, 2]
	M1: [0, 2, 1]  W1: [2, 0, 1]
	M2: [0, 2, 1]  W2: [1, 2, 0]
Solution 126
	M0: [2, 0, 1]  W0: [0, 1, 2]
	M1: [0, 2, 1]  W1: [2, 1, 0]
	M2: [0, 2, 1]  W2: [1, 2, 0]
Solution 127
	M0: [2, 0, 1]  W0: [0, 1, 2]
	M1: [0, 2, 1]  W1: [0, 1, 2]
	M2: [2, 0, 1]  W2: [1, 2, 0]
Solution 128
	M0: [2, 0, 1]  W0: [0, 1, 2]
	M1: [0, 2, 1]  W1: [0, 2, 1]
	M2: [2, 0, 1]  W2: [1, 2, 0]
Solution 129
	M0: [2, 0, 1]  W0: [0, 1, 2]
	M1: [0, 2, 1]  W1: [1, 0, 2]
	M2: [2, 0, 1]  W2: [1, 2, 0]
Solution 130
	M0: [2, 0, 1]  W0: [0, 1, 2]
	M1: [0, 2, 1]  W1: [1, 2, 0]
	M2: [2, 0, 1]  W2: [1, 2, 0]
Solution 131
	M0: [2, 0, 1]  W0: [0, 1, 2]
	M1: [0, 2, 1]  W1: [2, 0, 1]
	M2: [2, 0, 1]  W2: [1, 2, 0]
Solution 132
	M0: [2, 0, 1]  W0: [0, 1, 2]
	M1: [0, 2, 1]  W1: [2, 1, 0]
	M2: [2, 0, 1]  W2: [1, 2, 0]
Solution 133
	M0: [2, 0, 1]  W0: [0, 2, 1]
	M1: [0, 2, 1]  W1: [0, 1, 2]
	M2: [2, 0, 1]  W2: [1, 2, 0]
Solution 134
	M0: [2, 0, 1]  W0: [0, 2, 1]
	M1: [0, 2, 1]  W1: [0, 2, 1]
	M2: [2, 0, 1]  W2: [1, 2, 0]
Solution 135
	M0: [2, 0, 1]  W0: [0, 2, 1]
	M1: [0, 2, 1]  W1: [1, 0, 2]
	M2: [2, 0, 1]  W2: [1, 2, 0]
Solution 136
	M0: [2, 0, 1]  W0: [0, 2, 1]
	M1: [0, 2, 1]  W1: [1, 2, 0]
	M2: [2, 0, 1]  W2: [1, 2, 0]
Solution 137
	M0: [2, 0, 1]  W0: [0, 2, 1]
	M1: [0, 2, 1]  W1: [2, 0, 1]
	M2: [2, 0, 1]  W2: [1, 2, 0]
Solution 138
	M0: [2, 0, 1]  W0: [0, 2, 1]
	M1: [0, 2, 1]  W1: [2, 1, 0]
	M2: [2, 0, 1]  W2: [1, 2, 0]
Solution 139
	M0: [2, 0, 1]  W0: [2, 0, 1]
	M1: [0, 2, 1]  W1: [0, 1, 2]
	M2: [2, 0, 1]  W2: [1, 2, 0]
Solution 140
	M0: [2, 0, 1]  W0: [2, 0, 1]
	M1: [0, 2, 1]  W1: [0, 2, 1]
	M2: [2, 0, 1]  W2: [1, 2, 0]
Solution 141
	M0: [2, 0, 1]  W0: [2, 0, 1]
	M1: [0, 2, 1]  W1: [1, 0, 2]
	M2: [2, 0, 1]  W2: [1, 2, 0]
Solution 142
	M0: [2, 0, 1]  W0: [2, 0, 1]
	M1: [0, 2, 1]  W1: [1, 2, 0]
	M2: [2, 0, 1]  W2: [1, 2, 0]
Solution 143
	M0: [2, 0, 1]  W0: [2, 0, 1]
	M1: [0, 2, 1]  W1: [2, 0, 1]
	M2: [2, 0, 1]  W2: [1, 2, 0]
Solution 144
	M0: [2, 0, 1]  W0: [2, 0, 1]
	M1: [0, 2, 1]  W1: [2, 1, 0]
	M2: [2, 0, 1]  W2: [1, 2, 0]
Solution 145
	M0: [2, 0, 1]  W0: [0, 1, 2]
	M1: [2, 0, 1]  W1: [0, 1, 2]
	M2: [0, 2, 1]  W2: [2, 0, 1]
Solution 146
	M0: [2, 0, 1]  W0: [0, 1, 2]
	M1: [2, 0, 1]  W1: [0, 2, 1]
	M2: [0, 2, 1]  W2: [2, 0, 1]
Solution 147
	M0: [2, 0, 1]  W0: [0, 1, 2]
	M1: [2, 0, 1]  W1: [1, 0, 2]
	M2: [0, 2, 1]  W2: [2, 0, 1]
Solution 148
	M0: [2, 0, 1]  W0: [0, 1, 2]
	M1: [2, 0, 1]  W1: [1, 2, 0]
	M2: [0, 2, 1]  W2: [2, 0, 1]
Solution 149
	M0: [2, 0, 1]  W0: [0, 1, 2]
	M1: [2, 0, 1]  W1: [2, 0, 1]
	M2: [0, 2, 1]  W2: [2, 0, 1]
Solution 150
	M0: [2, 0, 1]  W0: [0, 1, 2]
	M1: [2, 0, 1]  W1: [2, 1, 0]
	M2: [0, 2, 1]  W2: [2, 0, 1]
Solution 151
	M0: [2, 1, 0]  W0: [0, 1, 2]
	M1: [1, 2, 0]  W1: [0, 1, 2]
	M2: [1, 2, 0]  W2: [1, 2, 0]
Solution 152
	M0: [2, 1, 0]  W0: [0, 2, 1]
	M1: [1, 2, 0]  W1: [0, 1, 2]
	M2: [1, 2, 0]  W2: [1, 2, 0]
Solution 153
	M0: [2, 1, 0]  W0: [1, 0, 2]
	M1: [1, 2, 0]  W1: [0, 1, 2]
	M2: [1, 2, 0]  W2: [1, 2, 0]
Solution 154
	M0: [2, 1, 0]  W0: [1, 2, 0]
	M1: [1, 2, 0]  W1: [0, 1, 2]
	M2: [1, 2, 0]  W2: [1, 2, 0]
Solution 155
	M0: [2, 1, 0]  W0: [2, 0, 1]
	M1: [1, 2, 0]  W1: [0, 1, 2]
	M2: [1, 2, 0]  W2: [1, 2, 0]
Solution 156
	M0: [2, 1, 0]  W0: [2, 1, 0]
	M1: [1, 2, 0]  W1: [0, 1, 2]
	M2: [1, 2, 0]  W2: [1, 2, 0]
Solution 157
	M0: [2, 1, 0]  W0: [0, 1, 2]
	M1: [1, 2, 0]  W1: [0, 1, 2]
	M2: [2, 1, 0]  W2: [1, 2, 0]
Solution 158
	M0: [2, 1, 0]  W0: [0, 1, 2]
	M1: [1, 2, 0]  W1: [0, 2, 1]
	M2: [2, 1, 0]  W2: [1, 2, 0]
Solution 159
	M0: [2, 1, 0]  W0: [0, 1, 2]
	M1: [1, 2, 0]  W1: [2, 0, 1]
	M2: [2, 1, 0]  W2: [1, 2, 0]
Solution 160
	M0: [2, 1, 0]  W0: [0, 2, 1]
	M1: [1, 2, 0]  W1: [0, 1, 2]
	M2: [2, 1, 0]  W2: [1, 2, 0]
Solution 161
	M0: [2, 1, 0]  W0: [0, 2, 1]
	M1: [1, 2, 0]  W1: [0, 2, 1]
	M2: [2, 1, 0]  W2: [1, 2, 0]
Solution 162
	M0: [2, 1, 0]  W0: [0, 2, 1]
	M1: [1, 2, 0]  W1: [2, 0, 1]
	M2: [2, 1, 0]  W2: [1, 2, 0]
Solution 163
	M0: [2, 1, 0]  W0: [1, 0, 2]
	M1: [1, 2, 0]  W1: [0, 1, 2]
	M2: [2, 1, 0]  W2: [1, 2, 0]
Solution 164
	M0: [2, 1, 0]  W0: [1, 0, 2]
	M1: [1, 2, 0]  W1: [0, 2, 1]
	M2: [2, 1, 0]  W2: [1, 2, 0]
Solution 165
	M0: [2, 1, 0]  W0: [1, 0, 2]
	M1: [1, 2, 0]  W1: [2, 0, 1]
	M2: [2, 1, 0]  W2: [1, 2, 0]
Solution 166
	M0: [2, 1, 0]  W0: [1, 2, 0]
	M1: [1, 2, 0]  W1: [0, 1, 2]
	M2: [2, 1, 0]  W2: [1, 2, 0]
Solution 167
	M0: [2, 1, 0]  W0: [1, 2, 0]
	M1: [1, 2, 0]  W1: [0, 2, 1]
	M2: [2, 1, 0]  W2: [1, 2, 0]
Solution 168
	M0: [2, 1, 0]  W0: [1, 2, 0]
	M1: [1, 2, 0]  W1: [2, 0, 1]
	M2: [2, 1, 0]  W2: [1, 2, 0]
Solution 169
	M0: [2, 1, 0]  W0: [2, 0, 1]
	M1: [1, 2, 0]  W1: [0, 1, 2]
	M2: [2, 1, 0]  W2: [1, 2, 0]
Solution 170
	M0: [2, 1, 0]  W0: [2, 0, 1]
	M1: [1, 2, 0]  W1: [0, 2, 1]
	M2: [2, 1, 0]  W2: [1, 2, 0]
Solution 171
	M0: [2, 1, 0]  W0: [2, 0, 1]
	M1: [1, 2, 0]  W1: [2, 0, 1]
	M2: [2, 1, 0]  W2: [1, 2, 0]
Solution 172
	M0: [2, 1, 0]  W0: [2, 1, 0]
	M1: [1, 2, 0]  W1: [0, 1, 2]
	M2: [2, 1, 0]  W2: [1, 2, 0]
Solution 173
	M0: [2, 1, 0]  W0: [2, 1, 0]
	M1: [1, 2, 0]  W1: [0, 2, 1]
	M2: [2, 1, 0]  W2: [1, 2, 0]
Solution 174
	M0: [2, 1, 0]  W0: [2, 1, 0]
	M1: [1, 2, 0]  W1: [2, 0, 1]
	M2: [2, 1, 0]  W2: [1, 2, 0]
Solution 175
	M0: [2, 1, 0]  W0: [0, 1, 2]
	M1: [2, 1, 0]  W1: [0, 1, 2]
	M2: [1, 2, 0]  W2: [2, 0, 1]
Solution 176
	M0: [2, 1, 0]  W0: [0, 2, 1]
	M1: [2, 1, 0]  W1: [0, 1, 2]
	M2: [1, 2, 0]  W2: [2, 0, 1]
Solution 177
	M0: [2, 1, 0]  W0: [1, 0, 2]
	M1: [2, 1, 0]  W1: [0, 1, 2]
	M2: [1, 2, 0]  W2: [2, 0, 1]
Solution 178
	M0: [2, 1, 0]  W0: [1, 2, 0]
	M1: [2, 1, 0]  W1: [0, 1, 2]
	M2: [1, 2, 0]  W2: [2, 0, 1]
Solution 179
	M0: [2, 1, 0]  W0: [2, 0, 1]
	M1: [2, 1, 0]  W1: [0, 1, 2]
	M2: [1, 2, 0]  W2: [2, 0, 1]
Solution 180
	M0: [2, 1, 0]  W0: [2, 1, 0]
	M1: [2, 1, 0]  W1: [0, 1, 2]
	M2: [1, 2, 0]  W2: [2, 0, 1]

